# ph	Lobs	err	L+BB	err	

56198.98	1.18e+42	8.29e+40	2.57e+42	7.83e+41
56228.94	1.66e+42	5.56e+40	3.45e+42	9.45e+41
56238.00	1.76e+42	4.78e+40	3.76e+42	1.11e+42
56238.97	1.69e+42	4.54e+40	3.58e+42	1.04e+42
56239.99	1.75e+42	4.73e+40	3.55e+42	9.06e+41
56240.84	1.71e+42	5.24e+40	3.59e+42	1.07e+42
56241.80	1.68e+42	5.47e+40	3.26e+42	7.04e+41
56245.71	1.74e+42	5.26e+40	3.65e+42	1.08e+42
56245.77	1.69e+42	5.46e+40	3.39e+42	8.10e+41
56247.74	1.62e+42	4.83e+40	3.32e+42	1.39e+42
56248.78	1.60e+42	5.14e+40	3.18e+42	7.96e+41
56250.77	1.70e+42	5.67e+40	3.32e+42	8.13e+41
56250.88	1.65e+42	5.02e+40	3.65e+42	1.26e+42
56251.70	1.67e+42	5.08e+40	3.62e+42	1.28e+42
56252.76	1.59e+42	6.06e+40	3.03e+42	6.38e+41
56252.99	1.59e+42	6.31e+40	3.01e+42	6.21e+41
56253.81	1.61e+42	5.24e+40	3.07e+42	8.88e+41
56254.69	1.57e+42	4.61e+40	3.47e+42	1.50e+42
56254.72	1.59e+42	4.75e+40	3.24e+42	1.26e+42
56254.76	1.58e+42	4.62e+40	3.57e+42	1.60e+42
56256.76	1.51e+42	4.65e+40	3.20e+42	1.01e+42
56256.92	1.57e+42	4.61e+40	3.64e+42	1.59e+42
56257.68	1.60e+42	4.86e+40	3.40e+42	1.24e+42
56259.76	1.55e+42	5.01e+40	3.22e+42	8.71e+41
56261.75	1.49e+42	4.69e+40	3.20e+42	9.08e+41
56264.77	1.45e+42	5.22e+40	2.98e+42	6.60e+41
56265.73	1.31e+42	5.05e+40	2.69e+42	4.45e+41
56265.76	1.36e+42	4.11e+40	3.16e+42	1.13e+42
56266.73	1.30e+42	3.98e+40	2.82e+42	9.63e+41
56267.73	1.20e+42	4.09e+40	2.44e+42	6.39e+41
56268.65	1.21e+42	3.51e+40	2.99e+42	1.40e+42
56268.73	1.15e+42	3.65e+40	2.57e+42	7.16e+41
56269.67	1.16e+42	3.60e+40	2.60e+42	8.85e+41
56270.72	1.09e+42	3.57e+40	2.45e+42	5.70e+41
56271.67	1.07e+42	3.20e+40	2.82e+42	1.24e+42
56272.72	1.03e+42	3.29e+40	2.40e+42	7.47e+41
56273.72	9.45e+41	2.97e+40	2.17e+42	6.57e+41
56274.71	9.43e+41	2.79e+40	2.47e+42	1.11e+42
56275.67	8.30e+41	3.08e+40	1.82e+42	3.50e+41
56276.68	8.48e+41	2.81e+40	1.97e+42	4.51e+41
56277.67	8.18e+41	2.51e+40	1.97e+42	7.60e+41
56278.67	7.84e+41	2.64e+40	1.68e+42	4.54e+41
56279.67	7.54e+41	2.33e+40	1.82e+42	6.32e+41
56280.77	6.98e+41	2.28e+40	1.55e+42	4.22e+41
56281.71	6.94e+41	2.13e+40	1.66e+42	6.23e+41
56281.77	7.09e+41	2.16e+40	1.80e+42	7.11e+41
56282.67	7.09e+41	2.27e+40	1.65e+42	4.96e+41
56283.67	6.59e+41	2.56e+40	1.44e+42	2.20e+41
56284.67	5.91e+41	2.10e+40	1.23e+42	2.71e+41
56285.72	6.42e+41	2.85e+40	1.41e+42	2.27e+41
56286.72	6.14e+41	2.24e+40	1.36e+42	2.32e+41
56288.71	6.06e+41	2.18e+40	1.37e+42	2.70e+41
56290.67	5.82e+41	1.97e+40	1.36e+42	3.52e+41
56291.67	5.66e+41	2.17e+40	1.29e+42	2.54e+41
56295.72	5.41e+41	1.93e+40	1.44e+42	5.29e+41
56298.72	5.10e+41	2.13e+40	1.29e+42	4.03e+41
56299.68	5.04e+41	2.15e+40	1.28e+42	4.95e+41
56300.76	4.76e+41	2.01e+40	1.35e+42	6.56e+41
56300.77	4.93e+41	2.60e+40	1.14e+42	2.30e+41
56301.68	4.90e+41	2.21e+40	1.26e+42	5.04e+41
56308.63	4.56e+41	2.54e+40	1.22e+42	5.16e+41
56309.68	4.53e+41	2.65e+40	1.15e+42	4.40e+41
56310.62	4.37e+41	2.55e+40	1.28e+42	6.16e+41
56311.63	4.80e+41	2.94e+40	1.31e+42	4.84e+41
56312.68	4.28e+41	2.72e+40	1.33e+42	8.21e+41
56314.57	4.06e+41	2.63e+40	1.20e+42	5.66e+41
56315.61	3.89e+41	2.63e+40	1.04e+42	4.79e+41
56316.61	4.38e+41	3.36e+40	1.04e+42	2.07e+41
56317.57	4.00e+41	2.86e+40	9.87e+41	3.11e+41
56318.61	4.26e+41	3.15e+40	1.10e+42	3.84e+41
56321.74	4.09e+41	3.38e+40	9.60e+41	2.74e+41
56322.71	4.08e+41	3.46e+40	1.03e+42	5.35e+41
56323.68	4.19e+41	3.62e+40	1.25e+42	7.87e+41
56325.57	3.89e+41	3.44e+40	1.09e+42	5.66e+41
56325.69	3.83e+41	3.68e+40	7.95e+41	2.53e+41
56326.57	4.06e+41	3.82e+40	9.33e+41	3.28e+41
56327.60	3.99e+41	3.72e+40	1.07e+42	6.04e+41
56328.60	4.29e+41	4.16e+40	1.47e+42	9.97e+41
56328.68	3.73e+41	3.60e+40	1.18e+42	7.71e+41
56329.64	3.71e+41	3.54e+40	1.26e+42	7.39e+41
56330.64	3.92e+41	3.85e+40	1.29e+42	7.61e+41
56331.64	3.65e+41	3.67e+40	1.18e+42	7.32e+41
56333.60	3.65e+41	3.89e+40	8.57e+41	3.93e+41
56334.60	3.85e+41	4.24e+40	1.00e+42	6.07e+41
56335.72	3.73e+41	4.01e+40	9.08e+41	3.80e+41
56338.61	3.51e+41	3.93e+40	1.01e+42	5.38e+41
56339.60	3.52e+41	4.08e+40	8.71e+41	4.18e+41
56340.61	3.55e+41	4.27e+40	8.81e+41	4.71e+41
56340.70	3.51e+41	4.25e+40	8.02e+41	3.75e+41
56341.61	3.51e+41	4.26e+40	8.29e+41	3.78e+41
56342.57	3.58e+41	4.56e+40	1.09e+42	7.97e+41
56343.57	3.31e+41	4.11e+40	7.28e+41	2.30e+41
56344.57	3.47e+41	4.38e+40	9.60e+41	5.26e+41
56345.57	3.31e+41	4.20e+40	8.35e+41	3.74e+41
56346.57	3.48e+41	4.71e+40	8.28e+41	4.31e+41
56346.73	3.31e+41	4.52e+40	7.14e+41	3.07e+41
56347.56	3.40e+41	4.90e+40	6.65e+41	1.92e+41
56348.57	3.31e+41	4.70e+40	7.29e+41	3.60e+41
56349.57	3.20e+41	4.40e+40	7.31e+41	2.70e+41
56350.67	3.32e+41	4.82e+40	7.31e+41	2.79e+41
56354.66	3.04e+41	4.79e+40	7.07e+41	4.55e+41
56363.66	2.96e+41	5.14e+40	6.75e+41	3.91e+41
56367.65	2.78e+41	5.05e+40	5.36e+41	2.72e+41
56377.66	2.85e+41	5.86e+40	5.04e+41	1.87e+41

#KEY
# Lobs = integrate observed fluxes with no BB fit
# L+BB = observed flux + BB fit extrapolation
# See logL-obs_PTF12kso_Bgriz.txt and logL-bb_PTF12kso_Bgriz.txt for simple LC files
# Methodology:
# filters used:Bgriz
# redshift used:0.03
# extinction used:0.0594
# Flux and wavelength converted to rest-frame
# BB fit below 1A suppressed by factor (lamda/1)^0