# ph	Lobs	err	L+BB	err	

59300.96	9.45e+40	9.33e+39	2.34e+41	1.19e+41
59303.94	9.86e+40	1.01e+40	2.44e+41	1.23e+41
59307.00	9.52e+40	7.43e+39	2.58e+41	1.92e+41
59307.93	9.87e+40	9.34e+39	2.46e+41	1.34e+41
59309.92	1.00e+41	9.50e+39	2.50e+41	1.33e+41
59309.94	9.90e+40	9.35e+39	2.49e+41	1.37e+41
59309.98	1.06e+41	8.18e+39	2.80e+41	2.44e+41
59312.90	1.02e+41	8.82e+39	2.63e+41	1.45e+41
59312.92	1.03e+41	9.95e+39	2.59e+41	1.14e+41
59316.87	1.02e+41	9.95e+39	2.56e+41	9.69e+40
59316.90	1.02e+41	1.00e+40	2.57e+41	9.48e+40
59319.89	1.00e+41	9.80e+39	2.55e+41	8.38e+40
59319.93	1.03e+41	1.01e+40	2.60e+41	7.31e+40
59322.78	9.96e+40	9.63e+39	2.59e+41	1.09e+41
59322.92	9.52e+40	9.05e+39	2.54e+41	9.92e+40
59323.94	9.38e+40	8.92e+39	2.45e+41	1.03e+41
59324.84	8.87e+40	8.99e+39	2.43e+41	2.89e+40
59328.81	9.67e+40	8.92e+39	2.82e+41	1.53e+41
59328.90	9.35e+40	8.88e+39	2.76e+41	1.08e+41
59336.89	9.00e+40	7.69e+39	3.10e+41	1.10e+41
59338.86	9.95e+40	9.46e+39	3.31e+41	1.76e+41
59338.92	9.87e+40	9.38e+39	3.36e+41	1.90e+41
59339.84	1.06e+41	7.39e+39	4.27e+41	4.67e+41
59341.90	1.05e+41	9.75e+39	3.38e+41	1.95e+41
59341.91	1.04e+41	7.79e+39	3.81e+41	2.75e+41
59342.88	1.09e+41	1.01e+40	3.44e+41	1.75e+41
59344.90	1.14e+41	8.35e+39	4.04e+41	3.31e+41
59345.90	1.14e+41	1.05e+40	3.66e+41	2.16e+41
59346.91	1.23e+41	8.82e+39	4.25e+41	3.87e+41
59348.88	1.28e+41	1.21e+40	3.59e+41	1.56e+41
59349.82	1.26e+41	9.54e+39	3.99e+41	2.61e+41
59352.88	1.37e+41	1.30e+40	3.96e+41	1.84e+41
59353.83	1.28e+41	1.05e+40	3.78e+41	1.47e+41
59356.83	1.43e+41	1.34e+40	3.88e+41	2.42e+41
59356.86	1.56e+41	1.17e+40	4.57e+41	4.76e+41
59359.86	1.51e+41	1.39e+40	4.37e+41	2.69e+41
59359.90	1.60e+41	1.48e+40	4.27e+41	3.46e+41
59361.95	1.51e+41	1.37e+40	4.15e+41	2.86e+41
59362.79	1.42e+41	1.04e+40	4.56e+41	3.87e+41
59362.86	1.52e+41	1.38e+40	4.36e+41	2.94e+41
59364.81	1.49e+41	1.01e+40	5.09e+41	5.82e+41
59365.82	1.50e+41	1.36e+40	4.22e+41	3.25e+41
59365.88	1.55e+41	1.42e+40	4.70e+41	3.17e+41
59366.88	1.51e+41	9.88e+39	5.42e+41	6.83e+41
59367.92	1.49e+41	1.35e+40	4.27e+41	3.51e+41
59369.83	1.51e+41	9.83e+39	5.44e+41	7.03e+41
59370.71	1.48e+41	1.33e+40	3.79e+41	3.32e+41
59370.88	1.55e+41	1.41e+40	4.14e+41	3.05e+41
59371.84	1.48e+41	1.02e+40	4.87e+41	5.47e+41
59373.85	1.49e+41	1.34e+40	4.24e+41	3.86e+41
59373.87	1.50e+41	1.01e+40	5.08e+41	6.37e+41
59374.76	1.49e+41	1.34e+40	3.78e+41	3.43e+41
59376.78	1.55e+41	9.61e+39	5.63e+41	8.29e+41
59376.85	1.54e+41	1.39e+40	4.07e+41	3.30e+41
59377.79	1.54e+41	1.39e+40	4.17e+41	3.45e+41
59378.81	1.53e+41	9.60e+39	5.38e+41	7.71e+41
59378.86	1.51e+41	1.36e+40	4.01e+41	3.40e+41
59380.84	1.52e+41	9.59e+39	5.22e+41	7.52e+41
59381.82	1.49e+41	1.35e+40	3.89e+41	3.12e+41
59382.85	1.50e+41	9.47e+39	5.06e+41	7.35e+41
59385.77	1.28e+41	9.24e+39	4.11e+41	4.17e+41
59387.90	1.34e+41	1.42e+40	3.65e+41	2.96e+41
59390.83	1.21e+41	9.08e+39	4.02e+41	5.02e+41
59391.85	1.15e+41	1.06e+40	4.10e+41	3.23e+41
59392.81	1.07e+41	1.00e+40	3.54e+41	2.97e+41
59392.83	1.07e+41	7.99e+39	4.02e+41	4.69e+41
59394.94	9.85e+40	9.31e+39	3.50e+41	2.87e+41
59397.71	9.31e+40	6.84e+39	4.20e+41	5.32e+41
59399.77	8.25e+40	7.82e+39	3.48e+41	2.65e+41
59399.82	7.69e+40	6.16e+39	4.03e+41	3.71e+41
59401.84	7.14e+40	6.00e+39	3.88e+41	2.99e+41
59404.71	6.78e+40	6.44e+39	3.49e+41	2.01e+41
59404.71	7.44e+40	7.18e+39	3.35e+41	2.29e+41
59406.73	7.49e+40	5.89e+39	3.76e+41	3.81e+41
59408.73	7.79e+40	5.94e+39	3.69e+41	4.21e+41
59410.75	7.75e+40	6.08e+39	3.48e+41	3.88e+41
59412.87	6.30e+40	6.86e+39	3.10e+41	1.49e+41
59423.75	7.04e+40	5.73e+39	3.13e+41	3.72e+41
59427.69	7.05e+40	5.91e+39	2.98e+41	3.61e+41
59430.71	6.90e+40	6.17e+39	2.83e+41	3.16e+41
59434.69	7.01e+40	6.23e+39	2.81e+41	3.43e+41
59436.71	7.35e+40	7.98e+39	2.57e+41	2.55e+41
59438.74	6.21e+40	7.11e+39	2.62e+41	1.92e+41
59441.67	6.95e+40	7.40e+39	2.56e+41	2.62e+41
59447.71	6.23e+40	7.67e+39	2.53e+41	1.90e+41
59450.66	6.68e+40	7.16e+39	2.55e+41	2.69e+41
59452.69	6.90e+40	7.03e+39	2.61e+41	3.18e+41
59454.77	6.86e+40	7.32e+39	2.55e+41	2.94e+41
59458.69	6.57e+40	7.13e+39	2.57e+41	2.77e+41
59460.71	6.61e+40	8.19e+39	2.48e+41	2.31e+41
59462.73	6.97e+40	8.25e+39	2.48e+41	2.71e+41
59465.65	6.47e+40	8.26e+39	2.43e+41	2.23e+41
59465.68	5.90e+40	7.29e+39	2.23e+41	2.13e+41
59468.73	6.47e+40	7.87e+39	2.45e+41	2.46e+41
59483.69	5.90e+40	1.10e+40	2.21e+41	1.68e+41
59488.67	5.74e+40	1.16e+40	2.16e+41	1.63e+41
59517.59	4.95e+40	1.12e+40	2.06e+41	2.29e+41

#KEY
# Lobs = integrate observed fluxes with no BB fit
# L+BB = observed flux + BB fit extrapolation
# See logL-obs_SN2021mju_gri.txt and logL-bb_SN2021mju_gri.txt for simple LC files
# Methodology:
# filters used:gri
# redshift used:0.028325
# extinction used:0.0677
# Flux and wavelength converted to rest-frame
# BB fit below 1A suppressed by factor (lamda/1)^0