# ph	Lobs	err	L+BB	err	

54834.56	6.77e+40	3.47e+39	1.60e+41	7.46e+40
54834.63	6.18e+40	2.98e+39	1.48e+41	6.81e+40
54834.63	6.18e+40	3.17e+39	1.46e+41	6.80e+40
54834.64	6.12e+40	3.14e+39	1.45e+41	6.74e+40
54834.64	6.06e+40	3.01e+39	1.44e+41	6.68e+40
54834.65	6.12e+40	3.14e+39	1.45e+41	6.74e+40
54835.42	5.53e+40	3.62e+39	1.27e+41	6.00e+40
54836.56	6.29e+40	3.38e+39	1.46e+41	6.74e+40
54836.71	6.35e+40	5.84e+39	1.44e+41	6.74e+40
54838.51	6.23e+40	3.56e+39	1.42e+41	6.45e+40
54840.84	7.29e+40	5.80e+39	1.62e+41	7.15e+40
54844.63	8.16e+40	4.54e+39	1.81e+41	7.28e+40
54848.44	9.19e+40	6.82e+39	2.00e+41	7.22e+40
54849.80	9.39e+40	5.15e+39	2.05e+41	7.39e+40
54858.01	1.07e+41	5.65e+39	2.41e+41	9.98e+40
54859.64	1.09e+41	5.77e+39	2.46e+41	1.02e+41
54876.56	1.40e+41	6.80e+39	3.23e+41	1.39e+41
54882.39	1.51e+41	7.65e+39	3.49e+41	1.51e+41
54898.48	1.93e+41	1.08e+40	4.48e+41	2.00e+41
54898.55	1.93e+41	7.94e+39	4.79e+41	2.24e+41
54900.42	1.99e+41	8.88e+39	4.81e+41	2.23e+41
54900.46	1.99e+41	1.54e+40	4.56e+41	2.02e+41
54902.50	2.04e+41	1.21e+40	4.75e+41	2.13e+41
54906.44	2.14e+41	1.43e+40	4.97e+41	2.22e+41
54908.58	2.21e+41	9.84e+39	5.37e+41	2.48e+41
54911.49	2.29e+41	1.07e+40	5.54e+41	2.54e+41
54912.57	2.35e+41	1.15e+40	5.64e+41	2.61e+41
54913.50	2.39e+41	2.15e+40	5.52e+41	2.48e+41
54913.67	2.39e+41	9.45e+39	6.11e+41	2.94e+41
54915.41	2.42e+41	9.39e+39	6.30e+41	2.99e+41
54916.42	2.47e+41	1.44e+40	5.76e+41	2.70e+41
54917.33	2.49e+41	1.60e+40	5.74e+41	2.69e+41
54917.73	2.49e+41	1.40e+40	5.79e+41	2.72e+41
54918.38	2.48e+41	1.11e+40	5.99e+41	2.86e+41
54919.75	2.49e+41	1.69e+40	5.71e+41	2.62e+41
54921.42	2.47e+41	1.10e+40	5.94e+41	2.77e+41
54921.70	2.47e+41	1.27e+40	5.80e+41	2.66e+41
54922.36	2.49e+41	1.41e+40	5.76e+41	2.61e+41
54922.43	2.49e+41	1.34e+40	5.79e+41	2.64e+41
54922.49	2.45e+41	9.16e+39	6.46e+41	3.09e+41
54923.34	2.46e+41	9.70e+39	6.22e+41	2.94e+41
54924.39	2.47e+41	1.05e+40	6.08e+41	2.82e+41
54924.44	2.48e+41	1.10e+40	6.01e+41	2.77e+41
54924.75	2.48e+41	1.55e+40	5.75e+41	2.51e+41
54926.45	2.47e+41	1.76e+40	5.72e+41	2.43e+41
54928.34	2.49e+41	1.10e+40	6.05e+41	2.69e+41
54928.61	2.50e+41	1.48e+40	5.83e+41	2.51e+41
54930.32	2.46e+41	1.80e+40	5.67e+41	2.38e+41
54930.42	2.45e+41	1.04e+40	5.98e+41	2.58e+41
54933.79	2.43e+41	1.36e+40	5.64e+41	2.33e+41
54934.46	2.44e+41	8.99e+39	6.37e+41	2.92e+41
54935.36	2.45e+41	1.13e+40	5.83e+41	2.58e+41
54935.40	2.43e+41	9.91e+39	6.00e+41	2.69e+41
54936.37	2.41e+41	1.06e+40	5.90e+41	2.65e+41
54937.34	2.39e+41	9.65e+39	6.08e+41	2.79e+41
54938.41	2.38e+41	8.91e+39	6.44e+41	3.11e+41
54938.53	2.33e+41	8.41e+39	6.48e+41	3.18e+41
54939.76	2.27e+41	1.10e+40	5.71e+41	2.64e+41
54942.39	2.15e+41	9.35e+39	5.72e+41	2.73e+41
54943.74	2.09e+41	1.29e+40	5.46e+41	2.60e+41
54944.32	2.08e+41	1.29e+40	5.47e+41	2.63e+41
54944.38	2.08e+41	7.90e+39	6.00e+41	3.00e+41
54946.40	1.84e+41	1.02e+40	4.78e+41	2.37e+41
54950.56	1.41e+41	6.77e+39	3.98e+41	1.79e+41
54950.58	1.40e+41	6.73e+39	3.97e+41	1.78e+41
54951.45	1.32e+41	6.35e+39	3.79e+41	1.65e+41
54951.74	1.29e+41	5.26e+39	3.84e+41	1.69e+41
54953.37	1.16e+41	5.25e+39	3.46e+41	1.40e+41
54953.42	1.16e+41	5.26e+39	3.46e+41	1.42e+41
54954.34	1.08e+41	5.15e+39	3.24e+41	1.24e+41
54954.37	1.07e+41	6.36e+39	3.17e+41	1.18e+41
54954.48	1.06e+41	5.08e+39	3.21e+41	1.21e+41
54954.78	1.04e+41	6.42e+39	3.08e+41	1.12e+41
54955.34	1.01e+41	4.11e+39	3.18e+41	1.21e+41
54955.45	1.02e+41	3.57e+39	3.37e+41	1.39e+41
54955.53	9.88e+40	3.26e+39	3.38e+41	1.54e+41
54956.39	9.35e+40	4.71e+39	2.84e+41	1.01e+41
54956.39	9.32e+40	3.99e+39	2.89e+41	1.04e+41
54957.38	8.79e+40	3.94e+39	2.73e+41	9.25e+40
54957.60	8.71e+40	4.76e+39	2.70e+41	9.24e+40
54958.36	8.49e+40	3.63e+39	2.67e+41	8.95e+40
54958.40	8.48e+40	4.00e+39	2.66e+41	8.97e+40
54959.35	8.24e+40	3.90e+39	2.60e+41	8.81e+40
54959.54	8.10e+40	3.82e+39	2.56e+41	8.58e+40
54959.64	8.08e+40	6.36e+39	2.53e+41	8.63e+40
54961.56	7.56e+40	5.56e+39	2.40e+41	8.08e+40
54962.37	7.41e+40	3.52e+39	2.40e+41	8.09e+40
54962.39	7.43e+40	2.88e+39	2.47e+41	8.46e+40
54964.66	7.03e+40	2.46e+39	2.50e+41	1.01e+41
54967.36	6.65e+40	2.84e+39	2.28e+41	8.89e+40
54968.36	6.49e+40	3.51e+39	2.19e+41	8.24e+40
54968.57	6.47e+40	3.51e+39	2.18e+41	8.28e+40
54970.35	6.29e+40	3.22e+39	2.17e+41	8.65e+40
54970.36	6.26e+40	3.21e+39	2.16e+41	8.57e+40
54971.52	6.13e+40	2.13e+39	2.36e+41	1.05e+41
54972.35	6.13e+40	2.47e+39	2.22e+41	9.58e+40
54977.34	5.95e+40	2.89e+39	2.04e+41	8.66e+40
54979.37	5.84e+40	3.00e+39	1.98e+41	8.35e+40
54982.59	5.77e+40	2.48e+39	2.02e+41	8.84e+40
54982.65	5.64e+40	5.65e+39	1.87e+41	7.27e+40
54984.66	5.53e+40	4.93e+39	1.84e+41	7.15e+40
54988.50	5.35e+40	4.99e+39	1.78e+41	6.76e+40
54991.65	5.20e+40	2.52e+39	1.80e+41	7.29e+40
54993.58	5.15e+40	4.08e+39	1.70e+41	6.37e+40
54994.62	5.12e+40	4.65e+39	1.68e+41	6.15e+40
54994.72	5.06e+40	5.10e+39	1.67e+41	6.19e+40
55009.38	4.38e+40	1.61e+39	1.61e+41	6.72e+40
55013.67	4.22e+40	5.37e+39	1.38e+41	4.78e+40
55031.39	3.57e+40	1.32e+39	1.28e+41	5.75e+40
55042.36	3.32e+40	1.45e+39	1.13e+41	4.42e+40
55056.35	2.89e+40	1.20e+39	9.51e+40	3.71e+40
55064.32	2.74e+40	1.27e+39	8.51e+40	3.26e+40
55072.34	2.49e+40	1.38e+39	7.50e+40	2.75e+40
55079.34	2.38e+40	1.55e+39	7.10e+40	2.46e+40
55154.69	1.34e+40	7.06e+38	3.64e+40	1.51e+40
55209.60	8.05e+39	4.09e+38	2.09e+40	9.86e+39
55220.69	7.27e+39	5.17e+38	1.82e+40	8.24e+39
55251.50	5.73e+39	5.89e+38	1.34e+40	6.08e+39
55285.43	4.22e+39	4.79e+38	9.12e+39	4.36e+39

#KEY
# Lobs = integrate observed fluxes with no BB fit
# L+BB = observed flux + BB fit extrapolation
# See logL-obs_SN2009E_UBVRI.txt and logL-bb_SN2009E_UBVRI.txt for simple LC files
# Methodology:
# filters used:UBVRI
# redshift used:0.006328
# extinction used:0.04
# Flux and wavelength converted to rest-frame
# BB fit below 1A suppressed by factor (lamda/1)^0