# ph	Lobs	err	L+BB	err	

59223.47	9.50e+41	2.04e+41	9.05e+42	1.15e+43
59225.39	1.61e+42	3.43e+41	3.72e+43	6.67e+43
59225.44	1.62e+42	3.51e+41	2.38e+43	4.03e+43
59228.30	2.84e+42	6.59e+41	2.57e+43	2.33e+43
59228.51	2.92e+42	6.78e+41	2.73e+43	2.64e+43
59228.56	2.92e+42	6.78e+41	2.64e+43	2.39e+43
59229.61	3.20e+42	7.41e+41	2.76e+43	2.10e+43
59229.61	3.20e+42	7.41e+41	2.76e+43	2.10e+43
59229.62	3.20e+42	7.41e+41	2.76e+43	2.10e+43
59229.63	3.20e+42	7.41e+41	2.76e+43	2.10e+43
59230.68	3.29e+42	7.38e+41	2.40e+43	1.01e+43
59231.36	3.33e+42	7.33e+41	2.31e+43	5.31e+42
59231.51	3.33e+42	7.32e+41	2.26e+43	4.84e+42
59231.51	3.33e+42	7.32e+41	2.26e+43	4.84e+42
59231.51	3.33e+42	7.32e+41	2.26e+43	4.84e+42
59231.52	3.33e+42	7.32e+41	2.26e+43	4.84e+42
59232.56	3.32e+42	7.13e+41	2.16e+43	1.15e+43
59235.52	3.28e+42	6.83e+41	1.61e+43	1.14e+43
59235.52	3.28e+42	6.83e+41	1.61e+43	1.14e+43
59235.53	3.28e+42	6.83e+41	1.61e+43	1.14e+43
59235.54	3.28e+42	6.83e+41	1.61e+43	1.14e+43
59237.61	3.22e+42	6.70e+41	1.37e+43	8.67e+42
59237.61	3.22e+42	6.70e+41	1.37e+43	8.67e+42
59248.36	2.63e+42	5.53e+41	7.56e+42	1.54e+42
59249.52	2.55e+42	5.37e+41	7.24e+42	1.58e+42
59249.54	2.55e+42	5.37e+41	7.24e+42	1.58e+42
59249.64	2.54e+42	5.37e+41	7.20e+42	1.60e+42
59249.64	2.54e+42	5.37e+41	7.20e+42	1.60e+42
59249.66	2.54e+42	5.37e+41	7.20e+42	1.60e+42
59249.67	2.54e+42	5.37e+41	7.20e+42	1.60e+42
59251.19	2.45e+42	5.26e+41	6.77e+42	1.23e+42
59251.55	2.43e+42	5.23e+41	6.68e+42	1.22e+42
59251.55	2.43e+42	5.23e+41	6.68e+42	1.22e+42
59251.56	2.42e+42	5.23e+41	6.65e+42	1.12e+42
59251.57	2.42e+42	5.23e+41	6.65e+42	1.12e+42
59251.90	2.41e+42	5.20e+41	6.57e+42	1.03e+42
59253.50	2.33e+42	5.08e+41	6.25e+42	1.03e+42
59253.50	2.33e+42	5.08e+41	6.25e+42	1.03e+42
59253.50	2.33e+42	5.08e+41	6.25e+42	1.03e+42
59253.52	2.33e+42	5.08e+41	6.25e+42	1.03e+42
59253.52	2.33e+42	5.08e+41	6.25e+42	1.03e+42
59253.54	2.33e+42	5.08e+41	6.25e+42	1.03e+42
59255.17	2.24e+42	4.93e+41	5.87e+42	9.52e+41
59255.46	2.23e+42	4.91e+41	5.85e+42	1.02e+42
59255.46	2.23e+42	4.91e+41	5.85e+42	1.02e+42
59255.47	2.23e+42	4.91e+41	5.85e+42	1.02e+42
59255.47	2.23e+42	4.91e+41	5.85e+42	1.02e+42
59256.14	2.18e+42	4.83e+41	5.69e+42	9.03e+41
59257.08	2.12e+42	4.75e+41	5.45e+42	7.34e+41
59257.27	2.11e+42	4.70e+41	5.40e+42	7.27e+41
59257.53	2.09e+42	4.68e+41	5.34e+42	6.88e+41
59257.54	2.09e+42	4.68e+41	5.34e+42	6.88e+41
59257.55	2.09e+42	4.68e+41	5.34e+42	6.88e+41
59257.57	2.09e+42	4.68e+41	5.34e+42	6.88e+41
59260.62	1.98e+42	4.37e+41	5.05e+42	5.70e+41
59261.45	1.96e+42	4.29e+41	5.02e+42	5.68e+41
59261.46	1.96e+42	4.29e+41	5.02e+42	5.68e+41
59261.46	1.96e+42	4.29e+41	5.02e+42	5.68e+41
59261.47	1.96e+42	4.29e+41	5.02e+42	5.68e+41
59262.47	1.93e+42	4.20e+41	5.02e+42	6.58e+41
59262.73	1.92e+42	4.18e+41	5.02e+42	6.98e+41
59264.38	1.89e+42	4.07e+41	5.02e+42	9.09e+41
59267.22	1.87e+42	3.94e+41	5.12e+42	1.33e+42
59267.43	1.87e+42	3.93e+41	5.14e+42	1.42e+42
59267.43	1.87e+42	3.93e+41	5.14e+42	1.42e+42
59267.44	1.87e+42	3.93e+41	5.14e+42	1.42e+42
59267.46	1.87e+42	3.93e+41	5.14e+42	1.42e+42
59267.47	1.87e+42	3.93e+41	5.14e+42	1.42e+42
59268.37	1.87e+42	3.91e+41	5.15e+42	1.51e+42
59268.41	1.87e+42	3.91e+41	5.15e+42	1.51e+42
59269.36	1.86e+42	3.89e+41	5.01e+42	1.36e+42
59269.37	1.86e+42	3.89e+41	5.01e+42	1.36e+42
59269.37	1.86e+42	3.89e+41	5.01e+42	1.36e+42
59269.38	1.86e+42	3.89e+41	5.01e+42	1.36e+42
59272.85	1.79e+42	3.85e+41	4.70e+42	8.08e+41
59272.88	1.79e+42	3.85e+41	4.70e+42	8.08e+41
59274.29	1.80e+42	3.85e+41	4.76e+42	1.10e+42
59275.25	1.81e+42	3.84e+41	4.89e+42	1.41e+42
59276.15	1.81e+42	3.84e+41	4.84e+42	1.41e+42
59277.49	1.80e+42	3.86e+41	4.82e+42	1.32e+42
59277.49	1.80e+42	3.86e+41	4.82e+42	1.32e+42
59277.50	1.79e+42	3.86e+41	4.82e+42	1.34e+42
59277.54	1.79e+42	3.86e+41	4.82e+42	1.34e+42
59277.60	1.79e+42	3.86e+41	4.82e+42	1.34e+42
59278.03	1.79e+42	3.87e+41	4.79e+42	1.29e+42
59281.38	1.77e+42	3.96e+41	4.56e+42	7.42e+41
59281.86	1.78e+42	3.98e+41	4.59e+42	8.12e+41
59291.01	2.00e+42	4.37e+41	5.48e+42	2.24e+42
59291.31	2.00e+42	4.37e+41	5.49e+42	2.22e+42
59291.42	2.00e+42	4.37e+41	5.49e+42	2.22e+42
59291.43	2.00e+42	4.37e+41	5.49e+42	2.22e+42
59291.45	2.00e+42	4.37e+41	5.49e+42	2.22e+42
59291.46	2.00e+42	4.37e+41	5.49e+42	2.22e+42
59292.24	2.02e+42	4.42e+41	5.52e+42	2.07e+42
59292.91	2.04e+42	4.44e+41	5.54e+42	1.92e+42
59293.42	2.05e+42	4.47e+41	5.48e+42	1.71e+42
59293.44	2.05e+42	4.47e+41	5.48e+42	1.71e+42
59293.45	2.05e+42	4.47e+41	5.48e+42	1.71e+42
59293.45	2.05e+42	4.47e+41	5.48e+42	1.71e+42
59294.14	2.06e+42	4.47e+41	5.50e+42	1.59e+42
59296.21	2.10e+42	4.55e+41	5.66e+42	1.51e+42
59296.50	2.11e+42	4.56e+41	5.70e+42	1.53e+42
59297.38	2.16e+42	4.63e+41	5.78e+42	1.54e+42
59297.40	2.16e+42	4.63e+41	5.78e+42	1.54e+42
59297.41	2.16e+42	4.63e+41	5.78e+42	1.54e+42
59297.42	2.16e+42	4.63e+41	5.78e+42	1.54e+42
59297.92	2.19e+42	4.65e+41	5.90e+42	1.67e+42
59301.24	2.40e+42	4.90e+41	6.70e+42	2.91e+42
59302.18	2.45e+42	4.99e+41	6.97e+42	3.22e+42
59302.61	2.46e+42	5.01e+41	6.98e+42	3.18e+42
59303.40	2.49e+42	5.07e+41	6.91e+42	2.96e+42
59303.40	2.49e+42	5.07e+41	6.91e+42	2.96e+42
59303.41	2.49e+42	5.07e+41	6.91e+42	2.96e+42
59303.42	2.49e+42	5.07e+41	6.91e+42	2.96e+42
59304.02	2.50e+42	5.12e+41	6.96e+42	3.05e+42
59305.51	2.53e+42	5.21e+41	6.99e+42	3.01e+42
59305.51	2.53e+42	5.21e+41	6.99e+42	3.01e+42
59305.52	2.53e+42	5.21e+41	6.99e+42	3.01e+42
59305.53	2.53e+42	5.23e+41	7.00e+42	3.00e+42
59306.44	2.54e+42	5.28e+41	7.12e+42	3.13e+42
59306.90	2.54e+42	5.30e+41	7.13e+42	3.12e+42
59307.44	2.55e+42	5.35e+41	7.00e+42	2.90e+42
59308.27	2.56e+42	5.39e+41	7.01e+42	2.89e+42
59309.26	2.57e+42	5.43e+41	7.02e+42	2.93e+42
59309.37	2.57e+42	5.43e+41	7.02e+42	2.93e+42
59309.38	2.57e+42	5.43e+41	7.02e+42	2.93e+42
59309.41	2.57e+42	5.43e+41	7.02e+42	2.93e+42
59309.44	2.57e+42	5.43e+41	7.02e+42	2.93e+42
59312.09	2.59e+42	5.55e+41	7.19e+42	3.16e+42
59312.52	2.60e+42	5.57e+41	7.20e+42	3.16e+42
59313.38	2.60e+42	5.60e+41	7.06e+42	3.01e+42
59313.39	2.60e+42	5.60e+41	7.06e+42	3.01e+42
59313.41	2.60e+42	5.60e+41	7.06e+42	3.01e+42
59313.41	2.60e+42	5.60e+41	7.06e+42	3.01e+42
59314.46	2.60e+42	5.62e+41	7.05e+42	2.89e+42
59315.86	2.59e+42	5.67e+41	7.04e+42	2.68e+42
59316.30	2.58e+42	5.67e+41	7.00e+42	2.57e+42
59316.82	2.58e+42	5.67e+41	7.00e+42	2.57e+42
59318.22	2.61e+42	5.70e+41	7.01e+42	2.60e+42
59319.35	2.63e+42	5.70e+41	7.14e+42	2.83e+42
59319.35	2.63e+42	5.70e+41	7.14e+42	2.83e+42
59319.36	2.63e+42	5.70e+41	7.14e+42	2.83e+42
59319.37	2.63e+42	5.70e+41	7.14e+42	2.83e+42
59320.59	2.67e+42	5.71e+41	7.44e+42	3.33e+42
59321.02	2.68e+42	5.71e+41	7.50e+42	3.43e+42
59321.08	2.69e+42	5.71e+41	7.54e+42	3.55e+42
59321.34	2.69e+42	5.71e+41	7.54e+42	3.49e+42
59321.35	2.69e+42	5.71e+41	7.54e+42	3.49e+42
59321.36	2.70e+42	5.71e+41	7.60e+42	3.60e+42
59321.37	2.70e+42	5.71e+41	7.60e+42	3.60e+42
59322.92	2.73e+42	5.67e+41	7.79e+42	3.95e+42
59322.95	2.73e+42	5.67e+41	7.79e+42	3.95e+42
59323.31	2.75e+42	5.70e+41	7.86e+42	4.06e+42
59323.31	2.75e+42	5.70e+41	7.86e+42	4.06e+42
59323.31	2.75e+42	5.70e+41	7.86e+42	4.06e+42
59323.32	2.75e+42	5.70e+41	7.86e+42	4.06e+42
59323.91	2.76e+42	5.71e+41	7.71e+42	3.83e+42
59326.02	2.79e+42	5.69e+41	7.82e+42	3.93e+42
59329.29	2.76e+42	5.71e+41	7.90e+42	4.05e+42
59329.37	2.76e+42	5.71e+41	7.90e+42	4.05e+42
59329.37	2.76e+42	5.71e+41	7.90e+42	4.05e+42
59329.38	2.76e+42	5.71e+41	7.90e+42	4.05e+42
59329.39	2.76e+42	5.71e+41	7.90e+42	4.05e+42
59329.58	2.76e+42	5.71e+41	7.88e+42	4.06e+42
59331.38	2.71e+42	5.69e+41	7.01e+42	2.55e+42
59331.39	2.71e+42	5.69e+41	7.01e+42	2.55e+42
59331.39	2.71e+42	5.69e+41	7.01e+42	2.55e+42
59331.40	2.71e+42	5.69e+41	7.01e+42	2.55e+42
59333.38	2.64e+42	5.61e+41	6.87e+42	2.58e+42
59333.39	2.64e+42	5.61e+41	6.87e+42	2.58e+42
59333.40	2.64e+42	5.61e+41	6.87e+42	2.58e+42
59333.41	2.64e+42	5.61e+41	6.87e+42	2.58e+42
59335.18	2.59e+42	5.54e+41	7.08e+42	3.12e+42
59335.33	2.59e+42	5.54e+41	7.07e+42	3.14e+42
59335.34	2.59e+42	5.54e+41	7.07e+42	3.14e+42
59335.36	2.59e+42	5.54e+41	7.07e+42	3.14e+42
59335.36	2.58e+42	5.54e+41	7.04e+42	3.03e+42
59336.16	2.56e+42	5.51e+41	7.12e+42	3.21e+42
59336.18	2.56e+42	5.51e+41	7.12e+42	3.21e+42
59337.34	2.55e+42	5.50e+41	6.92e+42	2.88e+42
59337.36	2.55e+42	5.47e+41	6.91e+42	2.88e+42
59337.37	2.55e+42	5.47e+41	6.91e+42	2.88e+42
59338.01	2.54e+42	5.47e+41	7.04e+42	3.07e+42
59338.53	2.53e+42	5.46e+41	7.03e+42	3.12e+42
59338.54	2.53e+42	5.46e+41	7.03e+42	3.12e+42
59339.89	2.51e+42	5.43e+41	6.82e+42	2.86e+42
59341.77	2.46e+42	5.34e+41	6.87e+42	3.04e+42
59341.83	2.46e+42	5.34e+41	6.87e+42	3.04e+42
59343.26	2.41e+42	5.22e+41	6.64e+42	2.87e+42
59343.31	2.41e+42	5.22e+41	6.64e+42	2.87e+42
59343.31	2.41e+42	5.22e+41	6.64e+42	2.87e+42
59343.32	2.41e+42	5.22e+41	6.64e+42	2.87e+42
59343.34	2.41e+42	5.22e+41	6.64e+42	2.87e+42
59344.37	2.38e+42	5.10e+41	6.60e+42	2.97e+42
59345.33	2.34e+42	4.98e+41	6.56e+42	3.11e+42
59345.33	2.34e+42	4.98e+41	6.56e+42	3.11e+42
59345.34	2.34e+42	4.98e+41	6.56e+42	3.11e+42
59345.35	2.34e+42	4.98e+41	6.56e+42	3.11e+42
59346.02	2.30e+42	4.87e+41	6.53e+42	3.27e+42
59347.03	2.24e+42	4.69e+41	6.44e+42	3.41e+42
59347.32	2.23e+42	4.65e+41	6.41e+42	3.48e+42
59347.33	2.23e+42	4.65e+41	6.41e+42	3.48e+42
59347.33	2.23e+42	4.65e+41	6.41e+42	3.48e+42
59347.35	2.22e+42	4.65e+41	6.38e+42	3.38e+42
59348.90	2.11e+42	4.38e+41	6.19e+42	3.53e+42
59349.27	2.08e+42	4.32e+41	6.13e+42	3.53e+42
59349.27	2.08e+42	4.32e+41	6.13e+42	3.53e+42
59349.29	2.08e+42	4.32e+41	6.13e+42	3.53e+42
59349.31	2.08e+42	4.32e+41	6.13e+42	3.53e+42
59350.25	2.01e+42	4.16e+41	5.97e+42	3.51e+42
59351.29	1.92e+42	3.98e+41	5.71e+42	3.38e+42
59351.31	1.92e+42	3.98e+41	5.71e+42	3.38e+42
59351.32	1.92e+42	3.98e+41	5.71e+42	3.38e+42
59351.33	1.92e+42	3.98e+41	5.71e+42	3.38e+42
59352.83	1.80e+42	3.74e+41	5.32e+42	3.13e+42
59353.24	1.76e+42	3.67e+41	5.41e+42	3.40e+42
59353.25	1.76e+42	3.67e+41	5.41e+42	3.40e+42
59353.26	1.76e+42	3.67e+41	5.41e+42	3.40e+42
59353.26	1.76e+42	3.67e+41	5.41e+42	3.40e+42
59353.26	1.76e+42	3.67e+41	5.41e+42	3.40e+42
59353.27	1.76e+42	3.67e+41	5.41e+42	3.40e+42
59353.28	1.76e+42	3.67e+41	5.41e+42	3.40e+42
59353.62	1.73e+42	3.63e+41	5.11e+42	3.03e+42
59355.90	1.52e+42	3.29e+41	4.52e+42	2.60e+42
59355.97	1.51e+42	3.27e+41	4.51e+42	2.65e+42
59357.31	1.40e+42	3.07e+41	3.99e+42	2.19e+42
59357.31	1.40e+42	3.07e+41	3.99e+42	2.19e+42
59357.31	1.40e+42	3.07e+41	3.99e+42	2.19e+42
59357.33	1.40e+42	3.07e+41	4.00e+42	2.21e+42
59357.33	1.40e+42	3.07e+41	4.00e+42	2.21e+42
59357.35	1.40e+42	3.07e+41	3.98e+42	2.22e+42
59358.06	1.34e+42	2.97e+41	3.97e+42	2.38e+42
59358.23	1.33e+42	2.94e+41	3.92e+42	2.38e+42
59359.29	1.25e+42	2.79e+41	3.42e+42	1.93e+42
59359.31	1.25e+42	2.79e+41	3.42e+42	1.93e+42
59361.13	1.12e+42	2.52e+41	3.30e+42	2.24e+42
59361.25	1.11e+42	2.51e+41	3.27e+42	2.22e+42
59363.31	9.86e+41	2.25e+41	2.53e+42	1.46e+42
59363.32	9.86e+41	2.25e+41	2.53e+42	1.46e+42
59365.04	9.01e+41	2.10e+41	2.57e+42	1.78e+42
59365.36	8.87e+41	2.07e+41	2.59e+42	1.69e+42
59367.14	8.23e+41	1.95e+41	2.37e+42	1.58e+42
59367.21	8.21e+41	1.94e+41	2.36e+42	1.59e+42
59367.24	8.21e+41	1.94e+41	2.36e+42	1.59e+42
59367.27	8.21e+41	1.94e+41	2.36e+42	1.59e+42
59367.27	8.21e+41	1.94e+41	2.36e+42	1.59e+42
59367.29	8.19e+41	1.93e+41	2.36e+42	1.59e+42
59369.33	7.71e+41	1.83e+41	1.98e+42	1.22e+42
59369.34	7.70e+41	1.83e+41	1.97e+42	1.22e+42
59370.27	7.54e+41	1.79e+41	2.02e+42	1.36e+42
59371.48	7.32e+41	1.73e+41	1.96e+42	1.34e+42
59373.32	7.13e+41	1.69e+41	1.84e+42	1.19e+42
59374.78	7.02e+41	1.66e+41	1.89e+42	1.30e+42
59377.12	6.98e+41	1.66e+41	1.90e+42	1.28e+42
59393.28	7.76e+41	2.71e+41	1.80e+42	7.19e+41
59397.27	7.94e+41	2.82e+41	1.87e+42	8.10e+41
59408.29	6.79e+41	2.64e+41	1.97e+42	1.39e+42
59409.71	6.42e+41	2.57e+41	1.87e+42	1.32e+42
59414.89	5.75e+41	2.56e+41	1.68e+42	1.18e+42
59418.20	5.91e+41	2.81e+41	1.73e+42	1.22e+42
59509.27	3.87e+41	5.08e+41	1.16e+42	9.35e+41

#KEY
# Lobs = integrate observed fluxes with no BB fit
# L+BB = observed flux + BB fit extrapolation
# See logL-obs_SN2021zj_gcroi.txt and logL-bb_SN2021zj_gcroi.txt for simple LC files
# Methodology:
# filters used:gcroi
# redshift used:0.046
# extinction used:0.0123
# Flux and wavelength converted to rest-frame
# BB fit below 1A suppressed by factor (lamda/1)^0