# ph	Lobs	err	L+BB	err	

58387.97	1.75e+41	7.24e+40	5.02e+41	1.23e+41
58389.96	1.76e+41	7.21e+40	4.97e+41	1.05e+41
58390.03	1.76e+41	7.21e+40	4.97e+41	1.05e+41
58398.03	1.78e+41	7.25e+40	5.04e+41	7.57e+40
58413.64	1.83e+41	7.43e+40	5.80e+41	2.04e+41
58415.62	1.85e+41	7.50e+40	5.93e+41	2.18e+41
58415.63	1.85e+41	7.50e+40	5.93e+41	2.18e+41
58416.60	1.87e+41	7.59e+40	6.07e+41	2.33e+41
58416.63	1.87e+41	7.59e+40	6.07e+41	2.33e+41
58417.57	1.87e+41	7.61e+40	6.11e+41	2.31e+41
58419.64	1.90e+41	7.73e+40	6.31e+41	2.55e+41
58422.96	1.94e+41	7.87e+40	6.48e+41	2.63e+41
58423.01	1.94e+41	7.87e+40	6.48e+41	2.63e+41
58423.63	1.95e+41	7.91e+40	6.48e+41	2.56e+41
58425.90	1.99e+41	8.13e+40	6.66e+41	2.60e+41
58425.95	1.99e+41	8.13e+40	6.66e+41	2.60e+41
58427.63	2.04e+41	8.32e+40	6.86e+41	2.73e+41
58427.64	2.04e+41	8.32e+40	6.86e+41	2.73e+41
58427.93	2.04e+41	8.32e+40	6.82e+41	2.66e+41
58427.96	2.03e+41	8.29e+40	6.81e+41	2.57e+41
58429.96	2.05e+41	8.38e+40	6.95e+41	2.06e+41
58430.94	2.06e+41	8.43e+40	7.02e+41	1.81e+41
58431.63	2.08e+41	8.50e+40	7.10e+41	1.65e+41
58431.64	2.08e+41	8.50e+40	7.10e+41	1.65e+41
58432.94	2.10e+41	8.62e+40	7.22e+41	1.36e+41
58434.96	2.15e+41	8.82e+40	7.42e+41	1.17e+41
58435.62	2.17e+41	8.94e+40	7.58e+41	1.12e+41
58435.62	2.17e+41	8.94e+40	7.58e+41	1.12e+41
58437.58	2.25e+41	9.27e+40	7.86e+41	1.21e+41
58437.60	2.25e+41	9.27e+40	7.86e+41	1.21e+41
58437.60	2.25e+41	9.27e+40	7.86e+41	1.21e+41
58437.60	2.25e+41	9.27e+40	7.86e+41	1.21e+41
58437.62	2.25e+41	9.27e+40	7.86e+41	1.21e+41
58437.62	2.25e+41	9.27e+40	7.86e+41	1.21e+41
58437.63	2.25e+41	9.27e+40	7.86e+41	1.21e+41
58437.88	2.26e+41	9.27e+40	7.88e+41	1.18e+41
58437.94	2.26e+41	9.33e+40	7.92e+41	1.25e+41
58440.94	2.41e+41	9.91e+40	8.50e+41	1.40e+41
58441.57	2.45e+41	1.00e+41	8.61e+41	1.36e+41
58441.57	2.45e+41	1.00e+41	8.61e+41	1.36e+41
58441.59	2.45e+41	1.00e+41	8.61e+41	1.36e+41
58441.60	2.45e+41	1.00e+41	8.61e+41	1.36e+41
58441.85	2.47e+41	1.01e+41	8.75e+41	1.32e+41
58443.53	2.56e+41	1.04e+41	9.11e+41	1.28e+41
58443.54	2.56e+41	1.04e+41	9.11e+41	1.28e+41
58443.54	2.56e+41	1.04e+41	9.11e+41	1.28e+41
58443.55	2.56e+41	1.04e+41	9.11e+41	1.28e+41
58443.78	2.58e+41	1.05e+41	9.19e+41	1.30e+41
58443.87	2.58e+41	1.05e+41	9.19e+41	1.30e+41
58444.54	2.62e+41	1.07e+41	9.32e+41	1.27e+41
58444.55	2.62e+41	1.07e+41	9.32e+41	1.27e+41
58444.56	2.62e+41	1.07e+41	9.32e+41	1.27e+41
58444.56	2.62e+41	1.07e+41	9.32e+41	1.27e+41
58444.57	2.62e+41	1.07e+41	9.32e+41	1.27e+41
58445.46	2.68e+41	1.09e+41	9.59e+41	1.22e+41
58448.85	2.88e+41	1.15e+41	1.02e+42	1.37e+41
58449.57	2.91e+41	1.15e+41	1.04e+42	1.55e+41
58449.58	2.91e+41	1.15e+41	1.04e+42	1.55e+41
58449.59	2.92e+41	1.15e+41	1.04e+42	1.66e+41
58449.59	2.92e+41	1.15e+41	1.04e+42	1.66e+41
58449.60	2.92e+41	1.15e+41	1.04e+42	1.66e+41
58450.86	2.98e+41	1.17e+41	1.06e+42	2.09e+41
58450.96	2.98e+41	1.17e+41	1.06e+42	2.09e+41
58451.56	3.01e+41	1.19e+41	1.07e+42	2.18e+41
58451.58	3.01e+41	1.19e+41	1.07e+42	2.18e+41
58451.58	3.01e+41	1.19e+41	1.07e+42	2.18e+41
58451.60	3.01e+41	1.19e+41	1.07e+42	2.18e+41
58453.53	3.12e+41	1.21e+41	1.10e+42	3.08e+41
58453.54	3.12e+41	1.21e+41	1.10e+42	3.08e+41
58453.56	3.12e+41	1.21e+41	1.10e+42	3.08e+41
58453.56	3.12e+41	1.21e+41	1.10e+42	3.08e+41
58454.56	3.16e+41	1.23e+41	1.12e+42	3.50e+41
58454.57	3.16e+41	1.23e+41	1.12e+42	3.50e+41
58454.58	3.16e+41	1.23e+41	1.12e+42	3.50e+41
58454.59	3.16e+41	1.23e+41	1.12e+42	3.50e+41
58455.51	3.19e+41	1.24e+41	1.13e+42	3.94e+41
58455.52	3.19e+41	1.24e+41	1.13e+42	3.94e+41
58455.53	3.19e+41	1.24e+41	1.13e+42	3.94e+41
58455.54	3.19e+41	1.24e+41	1.13e+42	3.94e+41
58456.00	3.21e+41	1.24e+41	1.13e+42	4.05e+41
58457.78	3.28e+41	1.27e+41	1.16e+42	4.67e+41
58459.51	3.34e+41	1.29e+41	1.18e+42	5.07e+41
58459.52	3.34e+41	1.29e+41	1.18e+42	5.07e+41
58459.53	3.34e+41	1.29e+41	1.18e+42	5.07e+41
58459.54	3.34e+41	1.29e+41	1.18e+42	5.07e+41
58461.49	3.38e+41	1.31e+41	1.20e+42	4.91e+41
58461.49	3.38e+41	1.31e+41	1.20e+42	4.91e+41
58461.49	3.38e+41	1.31e+41	1.20e+42	4.91e+41
58461.49	3.38e+41	1.31e+41	1.20e+42	4.91e+41
58461.49	3.38e+41	1.31e+41	1.20e+42	4.91e+41
58461.51	3.38e+41	1.31e+41	1.20e+42	4.91e+41
58461.51	3.38e+41	1.31e+41	1.20e+42	4.91e+41
58461.51	3.38e+41	1.31e+41	1.20e+42	4.91e+41
58461.84	3.38e+41	1.31e+41	1.20e+42	4.91e+41
58464.81	3.43e+41	1.33e+41	1.24e+42	4.29e+41
58464.83	3.43e+41	1.33e+41	1.24e+42	4.29e+41
58465.49	3.43e+41	1.34e+41	1.25e+42	4.09e+41
58465.50	3.43e+41	1.34e+41	1.25e+42	4.09e+41
58465.50	3.43e+41	1.34e+41	1.25e+42	4.09e+41
58465.51	3.43e+41	1.34e+41	1.25e+42	4.09e+41
58466.83	3.43e+41	1.34e+41	1.26e+42	3.67e+41
58467.90	3.43e+41	1.34e+41	1.27e+42	3.35e+41
58468.98	3.41e+41	1.34e+41	1.27e+42	3.02e+41
58469.99	3.38e+41	1.33e+41	1.27e+42	2.90e+41
58471.79	3.31e+41	1.32e+41	1.28e+42	2.33e+41
58472.74	3.26e+41	1.31e+41	1.27e+42	2.31e+41
58473.44	3.23e+41	1.30e+41	1.27e+42	2.20e+41
58473.45	3.23e+41	1.30e+41	1.27e+42	2.20e+41
58473.47	3.23e+41	1.30e+41	1.28e+42	2.29e+41
58473.47	3.23e+41	1.30e+41	1.28e+42	2.29e+41
58479.46	2.78e+41	1.14e+41	1.22e+42	2.31e+41
58479.46	2.78e+41	1.14e+41	1.22e+42	2.31e+41
58479.47	2.78e+41	1.14e+41	1.22e+42	2.31e+41
58479.48	2.78e+41	1.14e+41	1.22e+42	2.31e+41
58480.79	2.67e+41	1.10e+41	1.20e+42	2.49e+41
58480.82	2.67e+41	1.10e+41	1.20e+42	2.49e+41
58481.49	2.60e+41	1.07e+41	1.18e+42	2.63e+41
58482.98	2.47e+41	1.02e+41	1.16e+42	2.90e+41
58483.46	2.43e+41	1.00e+41	1.14e+42	2.85e+41
58483.47	2.43e+41	1.00e+41	1.14e+42	2.85e+41
58483.47	2.43e+41	1.00e+41	1.14e+42	2.85e+41
58483.48	2.43e+41	1.00e+41	1.14e+42	2.85e+41
58483.69	2.41e+41	9.94e+40	1.13e+42	2.82e+41
58485.44	2.25e+41	9.34e+40	1.09e+42	3.17e+41
58485.46	2.24e+41	9.28e+40	1.09e+42	3.37e+41
58485.46	2.24e+41	9.28e+40	1.09e+42	3.37e+41
58485.48	2.24e+41	9.28e+40	1.09e+42	3.37e+41
58486.94	2.12e+41	8.78e+40	1.04e+42	3.45e+41
58487.46	2.07e+41	8.56e+40	1.03e+42	3.58e+41
58487.46	2.07e+41	8.56e+40	1.03e+42	3.58e+41
58487.48	2.07e+41	8.54e+40	1.03e+42	3.45e+41
58487.49	2.07e+41	8.54e+40	1.03e+42	3.45e+41
58487.71	2.05e+41	8.48e+40	1.03e+42	3.68e+41
58489.44	1.92e+41	7.93e+40	9.77e+41	3.58e+41
58489.45	1.92e+41	7.93e+40	9.77e+41	3.58e+41
58489.45	1.92e+41	7.93e+40	9.77e+41	3.58e+41
58489.46	1.91e+41	7.93e+40	9.86e+41	3.71e+41
58490.71	1.83e+41	7.58e+40	9.50e+41	3.67e+41
58491.45	1.78e+41	7.39e+40	9.33e+41	3.82e+41
58491.46	1.78e+41	7.39e+40	9.33e+41	3.82e+41
58491.47	1.77e+41	7.37e+40	9.32e+41	3.70e+41
58491.48	1.77e+41	7.37e+40	9.32e+41	3.70e+41
58492.78	1.69e+41	7.06e+40	8.89e+41	3.73e+41
58493.44	1.66e+41	6.93e+40	8.80e+41	3.78e+41
58493.45	1.66e+41	6.93e+40	8.80e+41	3.78e+41
58493.45	1.66e+41	6.93e+40	8.80e+41	3.78e+41
58493.46	1.66e+41	6.93e+40	8.80e+41	3.78e+41
58493.73	1.64e+41	6.87e+40	8.72e+41	3.75e+41
58495.44	1.57e+41	6.61e+40	8.34e+41	3.67e+41
58495.44	1.57e+41	6.61e+40	8.34e+41	3.67e+41
58495.44	1.57e+41	6.61e+40	8.34e+41	3.67e+41
58495.46	1.57e+41	6.61e+40	8.34e+41	3.67e+41
58495.78	1.55e+41	6.55e+40	8.27e+41	3.64e+41
58497.42	1.49e+41	6.33e+40	7.91e+41	3.64e+41
58497.44	1.49e+41	6.33e+40	7.91e+41	3.64e+41
58497.44	1.49e+41	6.33e+40	7.91e+41	3.64e+41
58497.45	1.49e+41	6.33e+40	7.91e+41	3.64e+41
58499.39	1.43e+41	6.11e+40	7.42e+41	3.52e+41
58499.39	1.43e+41	6.11e+40	7.42e+41	3.52e+41
58499.41	1.43e+41	6.11e+40	7.42e+41	3.52e+41
58499.42	1.43e+41	6.11e+40	7.42e+41	3.52e+41
58504.76	1.30e+41	5.62e+40	6.48e+41	3.50e+41
58505.73	1.28e+41	5.53e+40	6.25e+41	3.43e+41
58507.41	1.25e+41	5.40e+40	6.12e+41	3.55e+41
58507.41	1.25e+41	5.40e+40	6.12e+41	3.55e+41
58507.42	1.25e+41	5.40e+40	6.12e+41	3.55e+41
58507.43	1.25e+41	5.40e+40	6.12e+41	3.55e+41
58507.73	1.24e+41	5.36e+40	6.02e+41	3.52e+41
58508.71	1.22e+41	5.29e+40	5.92e+41	3.62e+41
58509.77	1.21e+41	5.21e+40	5.88e+41	3.65e+41
58511.69	1.18e+41	5.08e+40	5.70e+41	3.74e+41
58513.91	1.15e+41	4.94e+40	5.47e+41	3.68e+41
58517.38	1.11e+41	4.77e+40	5.13e+41	3.63e+41
58517.38	1.11e+41	4.77e+40	5.13e+41	3.63e+41
58517.40	1.11e+41	4.77e+40	5.13e+41	3.63e+41
58517.40	1.11e+41	4.77e+40	5.13e+41	3.63e+41
58519.41	1.10e+41	4.70e+40	4.93e+41	3.59e+41
58519.42	1.10e+41	4.70e+40	4.93e+41	3.59e+41
58519.43	1.10e+41	4.70e+40	4.93e+41	3.59e+41
58522.69	1.09e+41	4.68e+40	4.66e+41	3.60e+41
58522.71	1.09e+41	4.68e+40	4.66e+41	3.60e+41
58523.40	1.08e+41	4.67e+40	4.63e+41	3.68e+41
58526.69	1.05e+41	4.57e+40	4.53e+41	3.61e+41
58537.37	9.60e+40	4.47e+40	4.25e+41	3.45e+41
58538.69	9.51e+40	4.46e+40	4.19e+41	3.39e+41
58545.33	9.04e+40	4.49e+40	4.03e+41	3.41e+41
58545.34	9.04e+40	4.49e+40	4.03e+41	3.41e+41
58545.35	9.04e+40	4.49e+40	4.03e+41	3.41e+41
58545.36	9.04e+40	4.49e+40	4.03e+41	3.41e+41
58547.62	9.02e+40	4.57e+40	4.02e+41	3.45e+41
58557.31	9.85e+40	5.39e+40	4.32e+41	3.91e+41
58559.70	1.01e+41	5.59e+40	4.36e+41	3.88e+41
58562.67	1.03e+41	5.84e+40	4.42e+41	3.88e+41
58567.63	1.04e+41	6.20e+40	4.45e+41	3.65e+41
58569.27	1.04e+41	6.31e+40	4.43e+41	3.55e+41
58569.28	1.04e+41	6.29e+40	4.40e+41	3.48e+41
58569.30	1.04e+41	6.29e+40	4.40e+41	3.48e+41
58569.31	1.04e+41	6.29e+40	4.40e+41	3.48e+41
58571.24	1.03e+41	6.37e+40	4.34e+41	3.35e+41
58571.26	1.03e+41	6.37e+40	4.34e+41	3.35e+41
58571.26	1.03e+41	6.37e+40	4.34e+41	3.35e+41
58571.29	1.03e+41	6.37e+40	4.34e+41	3.35e+41
58573.24	1.03e+41	6.48e+40	4.27e+41	3.14e+41
58573.26	1.03e+41	6.48e+40	4.27e+41	3.14e+41
58573.27	1.03e+41	6.48e+40	4.27e+41	3.14e+41
58573.27	1.03e+41	6.48e+40	4.27e+41	3.14e+41
58577.24	1.01e+41	6.62e+40	4.12e+41	2.93e+41
58577.24	1.01e+41	6.62e+40	4.12e+41	2.93e+41
58577.25	1.01e+41	6.63e+40	4.12e+41	2.93e+41
58581.24	9.94e+40	6.80e+40	4.01e+41	2.80e+41
58581.63	9.88e+40	6.78e+40	4.01e+41	2.82e+41
58586.64	9.70e+40	7.00e+40	3.93e+41	2.77e+41
58588.65	9.59e+40	7.03e+40	3.91e+41	2.85e+41
58592.72	9.28e+40	7.04e+40	3.87e+41	3.03e+41
58595.24	9.12e+40	7.06e+40	3.88e+41	3.23e+41
58597.69	8.88e+40	7.00e+40	3.85e+41	3.45e+41
58601.67	8.63e+40	6.99e+40	3.88e+41	3.97e+41
58607.68	8.30e+40	7.00e+40	4.03e+41	4.83e+41
58821.45	2.65e+40	2.27e+40	1.39e+43	4.53e+43
58841.48	2.54e+40	2.18e+40	1.15e+43	5.13e+43
58862.85	2.19e+40	1.87e+40	4.24e+40	1.49e+41

#KEY
# Lobs = integrate observed fluxes with no BB fit
# L+BB = observed flux + BB fit extrapolation
# See logL-obs_SN2018imj_gcro.txt and logL-bb_SN2018imj_gcro.txt for simple LC files
# Methodology:
# filters used:gcro
# redshift used:0.013159
# extinction used:0.2023
# Flux and wavelength converted to rest-frame
# BB fit below 1A suppressed by factor (lamda/1)^0