# ph	Lobs	err	L+BB	err	

59390.79	1.63e+41	5.53e+40	3.83e+41	1.48e+41
59392.81	1.63e+41	5.45e+40	3.86e+41	1.53e+41
59392.84	1.63e+41	5.45e+40	3.86e+41	1.53e+41
59394.84	1.66e+41	5.57e+40	3.83e+41	1.60e+41
59396.73	1.72e+41	5.76e+40	3.90e+41	1.72e+41
59397.75	1.77e+41	5.94e+40	4.00e+41	1.83e+41
59399.73	1.92e+41	6.45e+40	4.34e+41	2.15e+41
59399.77	1.92e+41	6.44e+40	4.34e+41	2.15e+41
59401.77	2.12e+41	7.07e+40	4.79e+41	2.41e+41
59402.83	2.26e+41	7.51e+40	5.11e+41	2.57e+41
59403.81	2.37e+41	7.85e+40	5.36e+41	2.66e+41
59404.71	2.51e+41	8.27e+40	5.71e+41	2.91e+41
59404.83	2.51e+41	8.27e+40	5.74e+41	2.89e+41
59405.34	2.61e+41	8.57e+40	5.94e+41	3.00e+41
59407.69	2.92e+41	9.09e+40	6.79e+41	3.28e+41
59407.71	2.92e+41	9.09e+40	6.79e+41	3.28e+41
59407.75	2.92e+41	9.09e+40	6.79e+41	3.28e+41
59409.34	3.16e+41	9.53e+40	7.42e+41	3.43e+41
59411.71	3.50e+41	1.02e+41	8.39e+41	3.70e+41
59411.79	3.53e+41	1.02e+41	8.45e+41	3.75e+41
59413.32	3.73e+41	1.06e+41	9.03e+41	3.89e+41
59414.73	3.91e+41	1.10e+41	9.53e+41	4.09e+41
59415.32	3.98e+41	1.12e+41	9.75e+41	4.20e+41
59415.71	4.01e+41	1.13e+41	9.83e+41	4.28e+41
59417.36	4.20e+41	1.18e+41	1.03e+42	4.84e+41
59419.33	4.40e+41	1.24e+41	1.08e+42	5.70e+41
59419.75	4.44e+41	1.27e+41	1.10e+42	5.88e+41
59422.82	4.65e+41	1.35e+41	1.16e+42	6.97e+41
59423.72	4.70e+41	1.37e+41	1.19e+42	7.28e+41
59423.76	4.71e+41	1.37e+41	1.19e+42	7.31e+41
59425.35	4.83e+41	1.43e+41	1.23e+42	7.46e+41
59425.73	4.84e+41	1.43e+41	1.24e+42	7.39e+41
59425.77	4.84e+41	1.43e+41	1.24e+42	7.39e+41
59427.69	4.94e+41	1.48e+41	1.28e+42	7.31e+41
59427.73	4.95e+41	1.48e+41	1.29e+42	7.35e+41
59429.35	5.02e+41	1.52e+41	1.31e+42	7.09e+41
59429.75	5.04e+41	1.53e+41	1.32e+42	7.05e+41
59430.68	5.09e+41	1.56e+41	1.33e+42	6.96e+41
59431.34	5.12e+41	1.57e+41	1.34e+42	6.92e+41
59433.36	5.20e+41	1.61e+41	1.36e+42	6.71e+41
59434.71	5.25e+41	1.64e+41	1.36e+42	6.46e+41
59435.33	5.27e+41	1.65e+41	1.36e+42	6.40e+41
59435.68	5.29e+41	1.65e+41	1.37e+42	6.37e+41
59436.71	5.33e+41	1.67e+41	1.37e+42	6.22e+41
59436.74	5.33e+41	1.67e+41	1.37e+42	6.22e+41
59437.30	5.36e+41	1.68e+41	1.37e+42	6.21e+41
59439.27	5.45e+41	1.71e+41	1.38e+42	6.48e+41
59439.68	5.46e+41	1.71e+41	1.38e+42	6.53e+41
59441.32	5.57e+41	1.75e+41	1.40e+42	6.94e+41
59441.67	5.58e+41	1.75e+41	1.41e+42	7.05e+41
59443.32	5.69e+41	1.78e+41	1.42e+42	7.45e+41
59443.76	5.71e+41	1.78e+41	1.42e+42	7.48e+41
59445.26	5.78e+41	1.82e+41	1.44e+42	7.85e+41
59447.29	5.86e+41	1.85e+41	1.46e+42	8.26e+41
59447.71	5.86e+41	1.85e+41	1.46e+42	8.26e+41
59449.33	5.93e+41	1.87e+41	1.47e+42	8.78e+41
59450.67	5.99e+41	1.88e+41	1.49e+42	8.90e+41
59450.69	5.99e+41	1.88e+41	1.49e+42	8.90e+41
59451.31	6.04e+41	1.90e+41	1.49e+42	9.09e+41
59453.26	6.17e+41	1.94e+41	1.51e+42	9.24e+41
59454.66	6.23e+41	1.96e+41	1.53e+42	9.28e+41
59454.69	6.23e+41	1.96e+41	1.53e+42	9.28e+41
59455.25	6.25e+41	1.96e+41	1.53e+42	9.24e+41
59457.32	6.29e+41	1.98e+41	1.57e+42	9.11e+41
59459.66	6.27e+41	1.99e+41	1.60e+42	8.98e+41
59460.69	6.24e+41	1.98e+41	1.62e+42	9.02e+41
59460.71	6.24e+41	1.98e+41	1.62e+42	9.02e+41
59461.30	6.25e+41	1.98e+41	1.64e+42	9.14e+41
59462.65	6.21e+41	1.98e+41	1.65e+42	9.25e+41
59464.68	6.16e+41	1.97e+41	1.69e+42	9.39e+41
59464.73	6.16e+41	1.97e+41	1.69e+42	9.39e+41
59465.29	6.14e+41	1.96e+41	1.70e+42	9.36e+41
59465.65	6.14e+41	1.96e+41	1.69e+42	9.15e+41
59467.23	6.14e+41	1.96e+41	1.69e+42	8.77e+41
59468.66	6.14e+41	1.93e+41	1.71e+42	8.75e+41
59468.73	6.14e+41	1.93e+41	1.71e+42	8.75e+41
59469.65	6.09e+41	1.92e+41	1.70e+42	8.42e+41
59470.70	6.07e+41	1.92e+41	1.69e+42	8.23e+41
59471.23	6.03e+41	1.91e+41	1.69e+42	8.11e+41
59474.68	5.88e+41	1.87e+41	1.65e+42	7.26e+41
59475.26	5.85e+41	1.87e+41	1.62e+42	6.94e+41
59476.68	5.81e+41	1.86e+41	1.61e+42	6.81e+41
59480.66	5.76e+41	1.81e+41	1.62e+42	7.07e+41
59480.70	5.72e+41	1.81e+41	1.60e+42	6.96e+41
59481.26	5.71e+41	1.80e+41	1.60e+42	6.99e+41
59483.25	5.49e+41	1.75e+41	1.54e+42	6.50e+41
59485.68	5.17e+41	1.68e+41	1.44e+42	6.03e+41
59487.25	4.93e+41	1.64e+41	1.39e+42	6.26e+41
59487.64	4.88e+41	1.63e+41	1.38e+42	6.27e+41
59489.24	4.66e+41	1.57e+41	1.34e+42	6.25e+41
59489.65	4.62e+41	1.56e+41	1.33e+42	6.26e+41
59491.24	4.38e+41	1.53e+41	1.26e+42	6.05e+41
59491.66	4.31e+41	1.51e+41	1.25e+42	6.03e+41
59497.23	3.63e+41	1.38e+41	1.05e+42	5.27e+41
59502.60	3.10e+41	1.23e+41	9.72e+41	5.57e+41
59504.60	2.94e+41	1.19e+41	9.25e+41	5.34e+41
59521.58	2.61e+41	1.37e+41	8.79e+41	5.52e+41
59525.58	2.68e+41	1.50e+41	9.26e+41	5.95e+41
59527.58	2.73e+41	1.57e+41	9.41e+41	6.05e+41
59601.02	1.45e+41	1.92e+41	5.20e+41	3.91e+41
59622.04	1.06e+41	1.51e+41	3.79e+41	2.91e+41
59625.99	1.27e+41	1.81e+41	4.58e+41	3.52e+41
59631.04	1.42e+41	2.02e+41	5.10e+41	3.92e+41
59637.95	1.01e+41	1.44e+41	3.64e+41	2.80e+41
59640.02	8.02e+40	1.14e+41	2.88e+41	2.22e+41
59675.92	5.81e+40	8.28e+40	2.08e+41	1.60e+41
59679.88	7.73e+40	1.10e+41	2.77e+41	2.13e+41

#KEY
# Lobs = integrate observed fluxes with no BB fit
# L+BB = observed flux + BB fit extrapolation
# See logL-obs_SN2021skm_gcroi.txt and logL-bb_SN2021skm_gcroi.txt for simple LC files
# Methodology:
# filters used:gcroi
# redshift used:0.031461
# extinction used:0.0716
# Flux and wavelength converted to rest-frame
# BB fit below 1A suppressed by factor (lamda/1)^0