# ph	Lobs	err	L+BB	err	

58523.51	3.10e+41	1.33e+41	7.90e+41	4.64e+41
58524.94	3.07e+41	1.29e+41	7.87e+41	5.15e+41
58527.46	3.05e+41	1.26e+41	7.86e+41	4.91e+41
58527.48	3.05e+41	1.26e+41	7.86e+41	4.91e+41
58539.47	3.70e+41	1.29e+41	1.24e+42	2.52e+41
58539.48	3.70e+41	1.29e+41	1.24e+42	2.52e+41
58539.77	3.71e+41	1.29e+41	1.25e+42	2.73e+41
58539.80	3.71e+41	1.29e+41	1.25e+42	2.73e+41
58540.47	3.72e+41	1.29e+41	1.27e+42	2.95e+41
58543.44	3.70e+41	1.26e+41	1.29e+42	3.41e+41
58543.75	3.70e+41	1.29e+41	1.29e+42	3.39e+41
58551.43	3.58e+41	1.21e+41	1.17e+42	1.45e+41
58551.44	3.58e+41	1.21e+41	1.17e+42	1.45e+41
58555.41	3.70e+41	1.28e+41	1.21e+42	3.04e+41
58555.42	3.70e+41	1.28e+41	1.21e+42	3.04e+41
58555.43	3.72e+41	1.29e+41	1.21e+42	3.25e+41
58555.44	3.72e+41	1.29e+41	1.21e+42	3.25e+41
58557.73	3.94e+41	1.42e+41	1.33e+42	5.49e+41
58557.77	3.94e+41	1.42e+41	1.33e+42	5.49e+41
58559.39	4.17e+41	1.51e+41	1.44e+42	6.61e+41
58560.82	4.39e+41	1.59e+41	1.53e+42	7.61e+41
58564.47	4.76e+41	1.72e+41	1.81e+42	1.02e+42
58565.44	4.80e+41	1.69e+41	1.89e+42	1.11e+42
58565.46	4.80e+41	1.69e+41	1.89e+42	1.11e+42
58568.71	4.90e+41	1.67e+41	2.13e+42	1.30e+42
58568.77	4.90e+41	1.67e+41	2.13e+42	1.30e+42
58569.37	4.89e+41	1.65e+41	2.13e+42	1.25e+42
58569.38	4.89e+41	1.65e+41	2.13e+42	1.25e+42
58569.38	4.89e+41	1.65e+41	2.13e+42	1.25e+42
58569.39	4.89e+41	1.65e+41	2.13e+42	1.25e+42
58571.38	4.90e+41	1.62e+41	2.10e+42	1.05e+42
58571.39	4.90e+41	1.62e+41	2.10e+42	1.05e+42
58571.40	4.90e+41	1.62e+41	2.10e+42	1.05e+42
58571.41	4.90e+41	1.62e+41	2.10e+42	1.05e+42
58573.39	4.93e+41	1.61e+41	2.10e+42	9.71e+41
58573.72	4.94e+41	1.61e+41	2.09e+42	9.42e+41
58573.73	4.94e+41	1.61e+41	2.09e+42	9.42e+41
58575.37	4.95e+41	1.60e+41	2.13e+42	1.00e+42
58575.38	4.95e+41	1.60e+41	2.13e+42	1.00e+42
58575.39	4.95e+41	1.60e+41	2.13e+42	1.00e+42
58575.40	4.95e+41	1.60e+41	2.13e+42	1.00e+42
58576.38	4.96e+41	1.60e+41	2.17e+42	1.06e+42
58576.39	4.96e+41	1.60e+41	2.17e+42	1.06e+42
58576.40	4.94e+41	1.59e+41	2.16e+42	1.08e+42
58576.41	4.94e+41	1.59e+41	2.16e+42	1.08e+42
58577.37	4.96e+41	1.59e+41	2.18e+42	1.11e+42
58579.35	4.94e+41	1.58e+41	2.24e+42	1.25e+42
58579.36	4.94e+41	1.58e+41	2.24e+42	1.25e+42
58579.36	4.94e+41	1.58e+41	2.24e+42	1.25e+42
58579.37	4.94e+41	1.58e+41	2.24e+42	1.25e+42
58581.39	4.93e+41	1.62e+41	2.29e+42	1.30e+42
58581.73	4.92e+41	1.62e+41	2.31e+42	1.33e+42
58583.35	4.90e+41	1.68e+41	2.36e+42	1.39e+42
58584.67	4.89e+41	1.74e+41	2.30e+42	1.30e+42
58584.73	4.88e+41	1.74e+41	2.27e+42	1.28e+42
58587.71	4.94e+41	1.85e+41	1.79e+42	6.66e+41
58587.79	4.94e+41	1.85e+41	1.79e+42	6.66e+41
58592.64	5.15e+41	1.89e+41	1.90e+42	5.12e+41
58592.73	5.15e+41	1.89e+41	1.90e+42	5.12e+41
58593.40	5.17e+41	1.85e+41	1.96e+42	5.16e+41
58595.36	5.22e+41	1.75e+41	2.21e+42	6.70e+41
58595.38	5.22e+41	1.75e+41	2.21e+42	6.70e+41
58595.39	5.23e+41	1.76e+41	2.24e+42	6.86e+41
58597.31	5.18e+41	1.71e+41	2.36e+42	9.73e+41
58597.32	5.18e+41	1.71e+41	2.36e+42	9.73e+41
58597.32	5.18e+41	1.71e+41	2.36e+42	9.73e+41
58597.33	5.18e+41	1.71e+41	2.36e+42	9.73e+41
58598.64	5.08e+41	1.62e+41	2.28e+42	1.04e+42
58599.32	5.00e+41	1.63e+41	2.20e+42	1.02e+42
58599.33	5.00e+41	1.63e+41	2.20e+42	1.02e+42
58599.34	5.00e+41	1.63e+41	2.20e+42	1.02e+42
58599.35	5.00e+41	1.63e+41	2.20e+42	1.02e+42
58600.33	4.86e+41	1.59e+41	2.03e+42	9.59e+41
58600.34	4.86e+41	1.59e+41	2.03e+42	9.59e+41
58600.35	4.85e+41	1.59e+41	2.00e+42	9.41e+41
58600.36	4.85e+41	1.59e+41	2.00e+42	9.41e+41
58601.75	4.63e+41	1.52e+41	1.76e+42	8.97e+41
58604.34	4.33e+41	1.45e+41	1.55e+42	9.62e+41
58604.34	4.33e+41	1.45e+41	1.55e+42	9.62e+41
58604.35	4.33e+41	1.45e+41	1.55e+42	9.62e+41
58604.36	4.33e+41	1.45e+41	1.55e+42	9.62e+41
58605.33	4.23e+41	1.41e+41	1.48e+42	9.96e+41
58608.69	3.88e+41	1.35e+41	1.38e+42	9.66e+41
58614.29	3.58e+41	1.26e+41	1.28e+42	8.99e+41
58614.29	3.58e+41	1.26e+41	1.28e+42	8.99e+41
58614.31	3.58e+41	1.26e+41	1.28e+42	8.99e+41
58626.31	3.64e+41	1.49e+41	1.29e+42	8.84e+41
58627.34	3.68e+41	1.52e+41	1.30e+42	8.85e+41

#KEY
# Lobs = integrate observed fluxes with no BB fit
# L+BB = observed flux + BB fit extrapolation
# See logL-obs_SN2019bsw_gcro.txt and logL-bb_SN2019bsw_gcro.txt for simple LC files
# Methodology:
# filters used:gcro
# redshift used:0.029494
# extinction used:0.0452
# Flux and wavelength converted to rest-frame
# BB fit below 1A suppressed by factor (lamda/1)^0